rawdata/10.bmp 6 159 217 48 50 244 189 47 37 378 222 65 54 468 239 73 51 335 151 30 22 298 140 25 15
rawdata/11.bmp 10 388 243 49 32 444 295 81 60 492 251 63 41 418 203 38 31 359 198 36 31 401 182 36 20 344 181 33 20 373 151 21 25 333 147 23 18 263 154 21 18
rawdata/12.bmp 11 442 304 95 53 405 252 63 48 460 228 49 30 366 220 47 26 400 187 35 29 347 186 37 24 386 167 30 22 338 163 31 23 253 167 37 23 370 143 19 23 296 142 28 22
rawdata/14.bmp 11 247 206 38 35 256 158 22 20 254 127 24 17 424 292 88 55 534 282 87 57 387 230 57 52 377 206 38 28 411 189 32 26 352 183 29 23 379 163 28 19 335 162 32 21
rawdata/15.bmp 7 221 231 57 40 512 276 69 49 403 256 53 46 469 249 52 33 368 214 46 36 441 214 40 31 404 195 41 26
rawdata/16.bmp 14 231 237 43 45 217 198 32 36 98 295 78 59 212 198 41 34 253 149 28 23 471 322 89 41 457 241 50 55 428 210 40 36 369 209 28 25 389 174 29 28 328 170 34 23 354 188 27 22 387 177 35 18 337 173 28 20
rawdata/17.bmp 12 236 236 38 43 214 199 43 30 102 286 74 73 464 322 92 41 453 243 58 50 428 214 43 29 363 207 36 28 352 192 32 18 391 178 28 20 333 170 33 20 299 152 27 18 255 146 27 18
rawdata/18.bmp 12 217 266 57 53 226 213 36 39 252 155 24 24 437 288 78 53 454 242 47 38 423 213 42 25 360 200 32 25 412 199 31 23 385 176 34 21 327 169 31 23 302 150 21 16 338 156 25 21
rawdata/2.bmp 6 193 202 31 32 248 188 34 30 450 310 85 50 202 144 27 28 259 129 18 20 293 143 24 16
rawdata/20.bmp 9 220 232 39 36 178 201 41 40 245 178 34 32 454 237 54 35 342 184 35 22 386 174 28 21 362 152 27 21 332 150 24 19 254 142 23 17
rawdata/21.bmp 9 214 248 42 48 169 205 47 47 244 184 35 38 252 141 26 26 341 174 29 24 433 215 51 42 375 164 35 21 359 144 25 25 324 141 27 23
rawdata/22.bmp 10 194 283 64 50 156 226 49 44 239 193 41 43 252 151 24 22 419 210 41 28 335 164 31 26 371 155 27 22 222 140 25 17 325 137 22 20 357 144 22 18
rawdata/23.bmp 8 233 228 46 42 131 263 60 55 508 269 71 41 387 186 40 29 328 151 28 21 364 147 24 18 221 154 22 16 230 134 24 18
rawdata/24.bmp 7 243 191 33 35 209 175 26 27 219 145 23 20 438 218 45 36 356 162 34 21 318 139 23 16 355 137 17 15
rawdata/26.bmp 8 171 223 41 39 192 182 35 26 218 244 57 54 478 248 78 53 383 171 35 26 327 140 21 17 253 141 23 19 228 134 20 18
rawdata/27.bmp 8 207 275 67 62 150 246 48 41 184 194 29 28 258 168 23 34 250 150 28 18 226 138 19 16 458 232 58 38 373 161 36 27
rawdata/28.bmp 7 127 264 60 52 173 210 30 23 250 180 32 30 251 154 28 24 223 140 21 21 438 225 56 34 372 153 29 28
rawdata/29.bmp 8 86 301 81 64 150 221 42 31 245 191 38 36 252 164 30 27 222 149 22 24 231 132 24 21 416 205 48 35 363 146 24 24
rawdata/3.bmp 5 405 265 73 41 242 199 34 38 180 216 43 36 201 148 23 26 258 130 22 24
rawdata/30.bmp 9 522 278 82 55 59 286 74 54 230 240 45 44 253 196 36 31 199 173 37 31 221 143 25 26 375 172 36 30 261 136 22 18 227 138 24 13
rawdata/32.bmp 8 243 231 41 44 174 204 44 32 209 170 30 29 261 150 26 24 223 148 23 15 262 138 18 12 441 217 48 33 338 146 30 23
rawdata/33.bmp 11 226 282 57 58 144 233 55 51 195 192 31 32 252 172 29 24 206 162 30 17 262 147 20 20 224 144 19 15 261 130 18 17 412 196 32 24 412 196 33 26 323 135 23 17
rawdata/34.bmp 12 218 292 69 55 138 239 59 48 200 193 32 34 254 173 29 23 208 164 30 18 261 147 23 19 219 144 25 18 408 187 34 33 324 136 22 17 259 149 23 18 224 147 18 14 263 131 18 16
rawdata/35.bmp 7 106 276 70 57 186 210 32 33 246 187 34 31 204 176 30 22 258 158 24 21 213 150 25 19 262 141 19 14
rawdata/4.bmp 6 140 258 54 47 227 248 52 55 193 168 30 31 255 142 25 25 368 207 42 39 292 142 25 17
rawdata/5.bmp 6 140 260 56 43 230 249 53 52 194 171 29 26 257 141 23 25 366 212 41 28 294 138 24 20
rawdata/6.bmp 6 124 275 56 49 215 276 65 56 183 170 39 37 260 147 21 24 359 196 35 34 297 140 20 17
rawdata/8.bmp 5 180 199 35 34 253 166 31 31 430 288 95 66 339 168 37 29 298 139 21 20
rawdata/9.bmp 5 397 251 74 57 174 207 39 42 255 176 30 35 340 162 26 23 299 141 22 16
